# x (AU/DAY) | y (AU/DAY) | z (AU/DAY)
-7.156161351236555921e-05 1.715961969640789411e-02 1.236534772227346538e-04
-3.659714454721436395e-04 1.715465580153998498e-02 1.223897933814654341e-04
-6.602115581363903613e-04 1.714465514571217666e-02 1.210904344798113895e-04
-9.541962830853613960e-04 1.712962276120841287e-02 1.197557941458612891e-04
-1.247840097086420777e-03 1.710956511954290701e-02 1.183862757984356585e-04
-1.541057645634348692e-03 1.708449012722475235e-02 1.169822925183185537e-04
-1.833763766365200006e-03 1.705440712116085278e-02 1.155442669174041578e-04
-2.125873512339171868e-03 1.701932686370090028e-02 1.140726310058036539e-04
-2.417302175187852151e-03 1.697926153732830928e-02 1.125678260569606086e-04
-2.707965308121347125e-03 1.693422473900097966e-02 1.110303024708209990e-04
-2.997778748790946336e-03 1.688423147414579856e-02 1.094605196351047875e-04
-3.286658642003179379e-03 1.682929815031073556e-02 1.078589457847237143e-04
-3.574521462281166247e-03 1.676944257047858003e-02 1.062260578593917119e-04
-3.861284036268980858e-03 1.670468392604608845e-02 1.045623413594737479e-04
-4.146863564975508849e-03 1.663504278947271556e-02 1.028682902001162484e-04
-4.431177645853673179e-03 1.656054110660262410e-02 1.011444065637050443e-04
-4.714144294711471346e-03 1.648120218866408471e-02 9.939120075069404704e-05
-4.995681967451343075e-03 1.639705070395023473e-02 9.760919102884780347e-05
-5.275709581633944087e-03 1.630811266918499175e-02 9.579890348094266821e-05
-5.554146537863523074e-03 1.621441544057821565e-02 9.396087185096684360e-05
-5.830912740990976638e-03 1.611598770457394261e-02 9.209563738886401103e-05
-6.105928621131861272e-03 1.601285946829566695e-02 9.020374869386009963e-05
-6.379115154495812283e-03 1.590506204969258097e-02 8.828576155641638446e-05
-6.650393884024640920e-03 1.579262806739058569e-02 8.634223879884836547e-05
-6.919686939835972481e-03 1.567559143025204840e-02 8.437375011465109837e-05
-7.186917059469560484e-03 1.555398732664810095e-02 8.238087190657168929e-05
-7.452007607933438908e-03 1.542785221344734371e-02 8.036418712346749655e-05
-7.714882597547267906e-03 1.529722380472470569e-02 7.832428509598900299e-05
-7.975466707580194589e-03 1.516214106019435001e-02 7.626176137112609216e-05
-8.233685303680460255e-03 1.502264417337032670e-02 7.417721754565646136e-05
-8.489464457094550096e-03 1.487877455945870939e-02 7.207126109853196369e-05
-8.742730963673072536e-03 1.473057484298496457e-02 6.994450522224178869e-05
-8.993412362661282189e-03 1.457808884516018262e-02 6.779756865318773134e-05
-9.241436955271683379e-03 1.442136157098995383e-02 6.563107550110900887e-05
-9.486733823036580526e-03 1.426043919612928097e-02 6.344565507759043885e-05
-9.729232845938190141e-03 1.409536905348748176e-02 6.124194172369227791e-05
-9.968864720314399297e-03 1.392619961958621068e-02 5.902057463673260075e-05
-1.020556097653767952e-02 1.375298050067459352e-02 5.678219769626085059e-05
-1.043925399646549769e-02 1.357576241860458492e-02 5.452745928925270227e-05
-1.066987703065976067e-02 1.339459719647030644e-02 5.225701213456314793e-05
-1.089736421537368036e-02 1.320953774401465060e-02 4.997151310666833265e-05
-1.112165058930377447e-02 1.302063804280666551e-02 4.767162305873116630e-05
-1.134267211010542981e-02 1.282795313119296406e-02 4.535800664502077808e-05
-1.156036567066968772e-02 1.263153908902672068e-02 4.303133214272107058e-05
-1.177466911515995598e-02 1.243145302217732277e-02 4.069227127315604750e-05
-1.198552125480625320e-02 1.222775304682422078e-02 3.834149902246763975e-05
-1.219286188345561871e-02 1.202049827353803176e-02 3.597969346177349388e-05
-1.239663179287670350e-02 1.180974879115220984e-02 3.360753556683733034e-05
-1.259677278781677796e-02 1.159556565042857250e-02 3.122570903728251381e-05
-1.279322770080953790e-02 1.137801084751968207e-02 2.883490011537770252e-05
-1.298594040673186310e-02 1.115714730723140272e-02 2.643579740442593022e-05
-1.317485583710792038e-02 1.093303886608857842e-02 2.402909168678535429e-05
-1.335991999415887289e-02 1.070575025520714881e-02 2.161547574155266440e-05
-1.354107996459648182e-02 1.047534708297560326e-02 1.919564416193723271e-05
-1.371828393315900965e-02 1.024189581754889229e-02 1.677029317235561109e-05
-1.389148119588774245e-02 1.000546376915777830e-02 1.434012044527431552e-05
-1.406062217314235467e-02 9.766119072236768839e-03 1.190582491783129769e-05
-1.422565842235363164e-02 9.523930667373529599e-03 9.468106608263390263e-06
-1.438654265051178549e-02 9.278968283082634008e-03 7.027666432167544663e-06
-1.454322872638876170e-02 9.031302417406924729e-03 4.585206018625966000e-06
-1.469567169249278403e-02 8.781004319349139386e-03 2.141427526222138683e-06
-1.484382777675363231e-02 8.528145970136903967e-03 -3.029665410239927028e-07
-1.498765440393686442e-02 8.272800064323938829e-03 -2.747273517773378677e-06
-1.512711020678536057e-02 8.015039990730436770e-03 -5.190790761510030906e-06
-1.526215503688646558e-02 7.754939813225556096e-03 -7.632815836678991201e-06
-1.539274997526314699e-02 7.492574251354848502e-03 -1.007264669879354844e-05
-1.551885734268737722e-02 7.228018660815583793e-03 -1.250958187848276829e-05
-1.564044070971402911e-02 6.961349013782901392e-03 -1.494292066545086082e-05
-1.575746490643366651e-02 6.692641879089668289e-03 -1.737196329232108997e-05
-1.586989603194239803e-02 6.421974402262889230e-03 -1.979601111833570855e-05
-1.597770146352711640e-02 6.149424285419703186e-03 -2.221436681288337973e-05
-1.608084986556432283e-02 5.875069767025828393e-03 -2.462633453882560444e-05
-1.617931119813080520e-02 5.598989601519432750e-03 -2.703122013559358411e-05
-1.627305672532436756e-02 5.321263038803223343e-03 -2.942833130202777357e-05
-1.636205902329284853e-02 5.041969803607963471e-03 -3.181697777892948664e-05
-1.644629198796954822e-02 4.761190074730222224e-03 -3.419647153129677880e-05
-1.652573084251329413e-02 4.479004464147399306e-03 -3.656612693021486229e-05
-1.660035214445126570e-02 4.195493996013047004e-03 -3.892526093437164819e-05
-1.667013379252281491e-02 3.910740085535533740e-03 -4.127319327116884721e-05
-1.673505503322223961e-02 3.624824517743122261e-03 -4.360924661739827828e-05
-1.679509646703878159e-02 3.337829426138629214e-03 -4.593274677945278340e-05
-1.685024005439189621e-02 3.049837271246574801e-03 -4.824302287304307825e-05
-1.690046912125981599e-02 2.760930819056294123e-03 -5.053940750238705725e-05
-1.694576836449964569e-02 2.471193119363967496e-03 -5.282123693884244203e-05
-1.698612385685680307e-02 2.180707484016928578e-03 -5.508785129895022023e-05
-1.702152305166211924e-02 1.889557465063499905e-03 -5.733859472185760900e-05
-1.705195478721446486e-02 1.597826832811623590e-03 -5.957281554608828136e-05
-1.707740929084695242e-02 1.305599553799750151e-03 -6.178986648562705142e-05
-1.709787818267480969e-02 1.012959768683384214e-03 -6.398910480528589633e-05
-1.711335447902287074e-02 7.199917700405823089e-04 -6.616989249531953410e-05
-1.712383259553069970e-02 4.267799801001541534e-04 -6.833159644525469724e-05
-1.712930834993337675e-02 1.334089283960693121e-04 -7.047358861690005468e-05
-1.712977896451589946e-02 -1.600367706484623733e-04 -7.259524621650283930e-05
-1.712524306823928061e-02 -4.534724402034050433e-04 -7.469595186601651112e-05
-1.711570069853622644e-02 -7.468133635770069683e-04 -7.677509377344347396e-05
-1.710115330277445223e-02 -1.039974806819988357e-03 -7.883206590221846302e-05
-1.708160373938568885e-02 -1.332872041384781806e-03 -8.086626813959510332e-05
-1.705705627865829535e-02 -1.625420366836004965e-03 -8.287710646399990119e-05
-1.702751660319151358e-02 -1.917535133608029747e-03 -8.486399311131515239e-05
-1.699299180800947773e-02 -2.209131765805674979e-03 -8.682634674005451387e-05
-1.695349040033287610e-02 -2.500125784043856058e-03 -8.876359259539209955e-05
-1.690902229900644732e-02 -2.790432828322004979e-03 -9.067516267200742401e-05
-1.685959883358028114e-02 -3.079968680928849532e-03 -9.256049587570601086e-05
-1.680523274304310602e-02 -3.368649289373245453e-03 -9.441903818377648551e-05
-1.674593817420556852e-02 -3.656390789336754626e-03 -9.625024280404547328e-05
-1.668173067973175230e-02 -3.943109527643201898e-03 -9.805357033258769387e-05
-1.661262721581699062e-02 -4.228722085240724932e-03 -9.982848891005155674e-05
-1.653864613951028587e-02 -4.513145300191625554e-03 -1.015744743765587460e-04
-1.645980720567943173e-02 -4.796296290665248187e-03 -1.032910104251355245e-04
-1.637613156361722444e-02 -5.078092477929043759e-03 -1.049775887536344085e-04
-1.628764175328699729e-02 -5.358451609332754578e-03 -1.066337092151015706e-04
-1.619436170120584079e-02 -5.637291781280871598e-03 -1.082588799665487307e-04
-1.609631671596390215e-02 -5.914531462188128696e-03 -1.098526176160847986e-04
-1.599353348337818892e-02 -6.190089515412905245e-03 -1.114144473683636007e-04
-1.588604006127947860e-02 -6.463885222163126380e-03 -1.129439031683026441e-04
-1.577386587393066544e-02 -6.735838304369399544e-03 -1.144405278430287484e-04
-1.565704170607538567e-02 -7.005868947519976707e-03 -1.159038732420050646e-04
-1.553559969661548294e-02 -7.273897823451716191e-03 -1.173335003752932115e-04
-1.540957333191605473e-02 -7.539846113091733248e-03 -1.187289795499056177e-04
-1.527899743873690173e-02 -7.803635529143777144e-03 -1.200898905042004441e-04
-1.514390817678931168e-02 -8.065188338713561583e-03 -1.214158225402735660e-04
-1.500434303091705002e-02 -8.324427385867281398e-03 -1.227063746542997585e-04
-1.486034080290069351e-02 -8.581276114117044468e-03 -1.239611556647762227e-04
-1.471194160288441521e-02 -8.835658588827437904e-03 -1.251797843386208821e-04
-1.455918684042432736e-02 -9.087499519536813494e-03 -1.263618895150770392e-04
-1.440211921515793109e-02 -9.336724282187175775e-03 -1.275071102273772855e-04
-1.424078270709383358e-02 -9.583258941256311489e-03 -1.286150958221178467e-04
-1.407522256652139411e-02 -9.827030271785663906e-03 -1.296855060762947107e-04
-1.390548530353984472e-02 -1.006796578129758382e-02 -1.307180113119533994e-04
-1.373161867720670316e-02 -1.030599373159519008e-02 -1.317122925084035414e-04
-1.355367168430513837e-02 -1.054104316043836913e-02 -1.326680414119492119e-04
-1.337169454773043040e-02 -1.077304390308899545e-02 -1.335849606430862513e-04
-1.318573870449545569e-02 -1.100192661371869954e-02 -1.344627638011178000e-04
-1.299585679335548728e-02 -1.122762278667218533e-02 -1.353011755661385563e-04
-1.280210264205253363e-02 -1.145006477757918618e-02 -1.360999317983395092e-04
-1.260453125417979742e-02 -1.166918582430805443e-02 -1.368587796345836544e-04
-1.240319879566669121e-02 -1.188492006775378022e-02 -1.375774775822040635e-04
-1.219816258088528282e-02 -1.209720257245342628e-02 -1.382557956099759826e-04
-1.198948105837888654e-02 -1.230596934702161797e-02 -1.388935152362133268e-04
-1.177721379621401998e-02 -1.251115736439887931e-02 -1.394904296139428171e-04
-1.156142146695661801e-02 -1.271270458190551164e-02 -1.400463436131060748e-04
-1.134216583227411201e-02 -1.291054996109350719e-02 -1.405610738997426737e-04
-1.111950972716458687e-02 -1.310463348738920460e-02 -1.410344490121064455e-04
-1.089351704381486333e-02 -1.329489618951904852e-02 -1.414663094336674409e-04
-1.066425271508912760e-02 -1.348128015871112931e-02 -1.418565076629532521e-04
-1.043178269765020552e-02 -1.366372856766471383e-02 -1.422049082801826422e-04
-1.019617395471549524e-02 -1.384218568928035839e-02 -1.425113880106461330e-04
-9.957494438449990617e-03 -1.401659691514285828e-02 -1.427758357847873946e-04
-9.715813071998735326e-03 -1.418690877374949311e-02 -1.429981527949412523e-04
-9.471199731161445215e-03 -1.435306894847575114e-02 -1.431782525486832366e-04
-9.223725225712169767e-03 -1.451502629527099200e-02 -1.433160609187475530e-04
-8.973461280366875834e-03 -1.467273086007628465e-02 -1.434115161894703990e-04
-8.720480515402327659e-03 -1.482613389595665611e-02 -1.434645690997155075e-04
-8.464856426929510611e-03 -1.497518787994017546e-02 -1.434751828822417713e-04
-8.206663366825290087e-03 -1.511984652955601291e-02 -1.434433332994710189e-04
-7.945976522325998853e-03 -1.526006481906394541e-02 -1.433690086756165833e-04
-7.682871895286990348e-03 -1.539579899536743651e-02 -1.432522099251339878e-04
-7.417426281112244127e-03 -1.552700659360276882e-02 -1.430929505774547407e-04
-7.149717247358506819e-03 -1.565364645239654059e-02 -1.428912567979675455e-04
-6.879823112018353982e-03 -1.577567872878388178e-02 -1.426471674052098436e-04
-6.607822921487135036e-03 -1.589306491277985359e-02 -1.423607338842355398e-04
-6.333796428218566553e-03 -1.600576784159646673e-02 -1.420320203961244847e-04
-6.057824068074334212e-03 -1.611375171349783628e-02 -1.416611037836019494e-04
-5.779986937372853795e-03 -1.621698210128606418e-02 -1.412480735727357809e-04
-5.500366769643005166e-03 -1.631542596541038850e-02 -1.407930319706823731e-04
-5.219045912088348706e-03 -1.640905166669237233e-02 -1.402960938594512033e-04
-4.936107301768054463e-03 -1.649782897865988140e-02 -1.397573867856619675e-04
-4.651634441500527954e-03 -1.658172909948257487e-02 -1.391770509462672914e-04
-4.365711375496258637e-03 -1.666072466350199816e-02 -1.385552391702174349e-04
-4.078422664726345098e-03 -1.673478975234909960e-02 -1.378921168960422984e-04
-3.789853362033647997e-03 -1.680389990564247829e-02 -1.371878621453318371e-04
-3.500088986993394290e-03 -1.686803213126032708e-02 -1.364426654920919272e-04
-3.209215500530593606e-03 -1.692716491517961414e-02 -1.356567300279600701e-04
-2.917319279301468053e-03 -1.698127823087578966e-02 -1.348302713232623685e-04
-2.624487089846699525e-03 -1.703035354827659234e-02 -1.339635173838978684e-04
-2.330806062524115162e-03 -1.707437384226366539e-02 -1.330567086040369872e-04
-2.036363665228839697e-03 -1.711332360071581016e-02 -1.321100977146220186e-04
-1.741247676909164809e-03 -1.714718883208771541e-02 -1.311239497276607980e-04
-1.445546160886331194e-03 -1.717595707251844475e-02 -1.300985418763055048e-04
-1.149347437987025119e-03 -1.719961739246375979e-02 -1.290341635507109093e-04
-8.527400594969980919e-04 -1.721816040284681465e-02 -1.279311162296676468e-04
-5.558127799450741664e-04 -1.723157826072175408e-02 -1.267897134080093796e-04
-2.586545297263350427e-04 -1.723986467444496573e-02 -1.256102805197931702e-04
3.864561242599555028e-05 -1.724301490834892134e-02 -1.243931548572555586e-04
3.359984471107646488e-04 -1.724102578691376689e-02 -1.231386854855480841e-04
6.333146820613345506e-04 -1.723389569843189126e-02 -1.218472331532589344e-04
9.305049600707737158e-04 -1.722162459816103594e-02 -1.205191701987282012e-04
1.227479887029565104e-03 -1.720421401096164371e-02 -1.191548804521682764e-04
1.524150060066040840e-03 -1.718166703341436272e-02 -1.177547591336006101e-04
1.820426095779038769e-03 -1.715398833541380633e-02 -1.163192127466248371e-04
2.116218658552660326e-03 -1.712118416123495010e-02 -1.148486589680360173e-04
2.411438488942362415e-03 -1.708326233006877970e-02 -1.133435265333104574e-04
2.705996432121985772e-03 -1.704023223602384521e-02 -1.118042551179796275e-04
2.999803466380690248e-03 -1.699210484759098444e-02 -1.102312952149178010e-04
3.292770731659154688e-03 -1.693889270656829052e-02 -1.086251080075673379e-04
3.584809558113747924e-03 -1.688060992644397143e-02 -1.069861652391313329e-04
3.875831494697863557e-03 -1.681727219023485334e-02 -1.053149490777624536e-04
4.165748337748833609e-03 -1.674889674777852236e-02 -1.036119519777820263e-04
4.454472159569468868e-03 -1.667550241247744286e-02 -1.018776765369627503e-04
4.741915336992440222e-03 -1.659710955749355010e-02 -1.001126353499137456e-04
5.027990579916319369e-03 -1.651374011139221734e-02 -9.831735085760601720e-05
5.312610959801541792e-03 -1.642541755323458086e-02 -9.649235519308053846e-05
5.595689938114580854e-03 -1.633216690711767824e-02 -9.463819002338363603e-05
5.877141394708860003e-03 -1.623401473616199048e-02 -9.275540638777427795e-05
6.156879656130396193e-03 -1.613098913594630118e-02 -9.084456453225353112e-05
6.434819523836537991e-03 -1.602311972739014004e-02 -8.890623374046526179e-05
6.710876302315831390e-03 -1.591043764908417479e-02 -8.694099216102241137e-05
6.984965827097285723e-03 -1.579297554906950590e-02 -8.494942663131273210e-05
7.257004492636970339e-03 -1.567076757606672768e-02 -8.293213249784258398e-05
7.526909280070165874e-03 -1.554384937015629818e-02 -8.088971343317678407e-05
7.794597784817045884e-03 -1.541225805291173215e-02 -7.882278124953786625e-05
8.059988244030117863e-03 -1.527603221698762594e-02 -7.673195570912656456e-05
8.322999563871291001e-03 -1.513521191516478334e-02 -7.461786433123155380e-05
8.583551346606994870e-03 -1.498983864885489702e-02 -7.248114219619405506e-05
8.841563917509067186e-03 -1.483995535606768938e-02 -7.032243174629948719e-05
9.096958351550105473e-03 -1.468560639884360780e-02 -6.814238258366590514e-05
9.349656499880988625e-03 -1.452683755015557292e-02 -6.594165126520539085e-05
9.599581016079225884e-03 -1.436369598028334853e-02 -6.372090109473199995e-05
9.846655382156229569e-03 -1.419623024266479169e-02 -6.148080191229604845e-05
1.009080393431209186e-02 -1.402449025922805279e-02 -5.922202988082233410e-05
1.033195188842615450e-02 -1.384852730520952542e-02 -5.694526727013553898e-05
1.057002536527216000e-02 -1.366839399346236189e-02 -5.465120223845408776e-05
1.080495141544643607e-02 -1.348414425826076693e-02 -5.234052861143902169e-05
1.103665804399806688e-02 -1.329583333860558277e-02 -5.001394565888288285e-05
1.126507423474983061e-02 -1.310351776103685535e-02 -4.767215786912728983e-05
1.149012997429888980e-02 -1.290725532195959556e-02 -4.531587472129941025e-05
1.171175627568651033e-02 -1.270710506948886757e-02 -4.294581045545683116e-05
1.192988520172586810e-02 -1.250312728482103411e-02 -4.056268384073543747e-05
1.214444988797757502e-02 -1.229538346313784579e-02 -3.816721794159194729e-05
1.235538456536236160e-02 -1.208393629405074381e-02 -3.576013988223864187e-05
1.256262458240068637e-02 -1.186884964159257497e-02 -3.334218060936445301e-05
1.276610642706922996e-02 -1.165018852376467455e-02 -3.091407465324228323e-05
1.296576774826426609e-02 -1.142801909164700008e-02 -2.847655988731930018e-05
1.316154737686226622e-02 -1.120240860807974678e-02 -2.603037728639183895e-05
1.335338534636815351e-02 -1.097342542592475746e-02 -2.357627068346443533e-05
1.354122291314188015e-02 -1.074113896591543695e-02 -2.111498652539518618e-05
1.372500257619423819e-02 -1.050561969410423666e-02 -1.864727362743046670e-05
1.390466809654290065e-02 -1.026693909891663800e-02 -1.617388292673158020e-05
1.408016451612009549e-02 -1.002516966782134554e-02 -1.369556723499862320e-05
1.425143817622342123e-02 -9.780384863625899566e-03 -1.121308099029423312e-05
1.441843673550155698e-02 -9.532659100407967281e-03 -8.727180008175126989e-06
1.458110918746687718e-02 -9.282067719091992297e-03 -6.238621232235142081e-06
1.473940587752725108e-02 -9.028686962681720107e-03 -3.748162484167545054e-06
1.489327851952955244e-02 -8.772593951158709491e-03 -1.256562213451106458e-06
1.504268021180761063e-02 -8.513866656057781160e-03 1.235420753230718923e-06
1.518756545272764887e-02 -8.252583874729940358e-03 3.727027462732512340e-06
1.532789015572451688e-02 -7.988825204303936361e-03 6.217499086242877852e-06
1.546361166382232387e-02 -7.722671015357291356e-03 8.706077170028592808e-06
1.559468876363328226e-02 -7.454202425308446497e-03 1.119200388601735620e-05
1.572108169882885029e-02 -7.183501271541228861e-03 1.367452228211330108e-05
1.584275218307777330e-02 -6.910650084273142237e-03 1.615287653213959268e-05
1.595966341244551071e-02 -6.635732059179423603e-03 1.862631218529914103e-05
1.607178007725023131e-02 -6.358831029784455836e-03 2.109407641504929803e-05
1.617906837337054760e-02 -6.080031439632641553e-03 2.355541826728308022e-05
1.628149601300070762e-02 -5.799418314250570639e-03 2.600958890771390612e-05
1.637903223484905857e-02 -5.517077232912862179e-03 2.845584186835625125e-05
1.647164781377603512e-02 -5.233094300223704171e-03 3.089343329300042783e-05
1.655931506986815793e-02 -4.947556117526561055e-03 3.332162218157641641e-05
1.664200787694490938e-02 -4.660549754154178284e-03 3.573967063330614214e-05
1.671970167049557227e-02 -4.372162718531619370e-03 3.814684408854005491e-05
1.679237345504351608e-02 -4.082482929144569568e-03 4.054241156917909994e-05
1.686000181093563408e-02 -3.791598685385629518e-03 4.292564591758061133e-05
1.692256690055508189e-02 -3.499598638290917548e-03 4.529582403385159708e-05
1.698005047395560393e-02 -3.206571761179854031e-03 4.765222711142895088e-05
1.703243587391622613e-02 -2.912607320210500693e-03 4.999414087085244789e-05
1.707970804041526042e-02 -2.617794844863259324e-03 5.232085579163334621e-05
1.712185351452298263e-02 -2.322224098365264187e-03 5.463166734212720257e-05
1.715886044171259159e-02 -2.025985048068400501e-03 5.692587620731539070e-05
1.719071857458938715e-02 -1.729167835793264012e-03 5.920278851440645862e-05
1.721741927503845151e-02 -1.431862748151805590e-03 6.146171605616631954e-05
1.723895551579133351e-02 -1.134160186860935305e-03 6.370197651189076372e-05
1.725532188141264481e-02 -8.361506390598263472e-04 6.592289366593192905e-05
1.726651456870771650e-02 -5.379246476431589997e-04 6.812379762369523981e-05
1.727253138655275230e-02 -2.395727816227311274e-04 7.030402502502290315e-05
1.727337175514931725e-02 5.881439347040732791e-05 7.246291925488398998e-05
1.726903670470509786e-02 3.571463451308886294e-04 7.459983065128935123e-05
1.725952887354341089e-02 6.553326033590244244e-04 7.671411671035520440e-05
1.724485250564398303e-02 9.532827900639797994e-04 7.880514228843976730e-05
1.722501344761801639e-02 1.250906648377916874e-03 8.087227980127762751e-05
1.720001914512062080e-02 1.548114071869552367e-03 8.291490942004094080e-05
1.716987863870422792e-02 1.844815133645247946e-03 8.493241926425709374e-05
1.713460255911660943e-02 2.140920115326322426e-03 8.692420559151570495e-05
1.709420312204756875e-02 2.436339535890823509e-03 8.888967298389745969e-05
1.704869412232856360e-02 2.730984180368740011e-03 9.082823453106270725e-05
1.699809092758979012e-02 3.024765128379307191e-03 9.273931200993676145e-05
1.694241047137950290e-02 3.317593782499636459e-03 9.462233606093404809e-05
1.688167124575058742e-02 3.609381896453577217e-03 9.647674636066184820e-05
1.681589329331967947e-02 3.900041603110302943e-03 9.830199179105003637e-05
1.674509819880428893e-02 4.189485442282011099e-03 1.000975306048525502e-04
1.666930908004367329e-02 4.477626388310610404e-03 1.018628305874716932e-04
1.658855057850940062e-02 4.764377877432958083e-03 1.035973692150545981e-04
1.650284884931178808e-02 5.049653834914921355e-03 1.053006338088174394e-04
1.641223155070857531e-02 5.333368701944332310e-03 1.069721216855518581e-04
1.631672783312235891e-02 5.615437462273506833e-03 1.086113403042738087e-04
1.621636832767366088e-02 5.895775668601602702e-03 1.102178074089733308e-04
1.611118513423647966e-02 6.174299468688005353e-03 1.117910511674294658e-04
1.600121180902359941e-02 6.450925631187470061e-03 1.133306103060547043e-04
1.588648335170879736e-02 6.725571571198655715e-03 1.148360342407371950e-04
1.576703619209360654e-02 6.998155375517105953e-03 1.163068832036490716e-04
1.564290817632621802e-02 7.268595827584618980e-03 1.177427283659939275e-04
1.551413855268025249e-02 7.536812432127006425e-03 1.191431519566671328e-04
1.538076795690151294e-02 7.802725439472103612e-03 1.205077473768056154e-04
1.524283839713060952e-02 8.066255869540642220e-03 1.218361193102052739e-04
1.510039323840992216e-02 8.327325535502430598e-03 1.231278838295872644e-04
1.495347718678296037e-02 8.585857067090913244e-03 1.243826684986968040e-04
1.480213627299484594e-02 8.841773933568847915e-03 1.256001124702183229e-04
1.464641783580234585e-02 9.095000466338650641e-03 1.267798665794955674e-04
1.448637050490222261e-02 9.345461881190883502e-03 1.279215934340458515e-04
1.432204418348655486e-02 9.593084300184724286e-03 1.290249674988605034e-04
1.415349003043405926e-02 9.837794773154284050e-03 1.300896751774843502e-04
1.398076044214622594e-02 1.007952129883521106e-02 1.311154148888712858e-04
1.380390903403740793e-02 1.031819284560595885e-02 1.321018971400128876e-04
1.362299062168779995e-02 1.055373937183861667e-02 1.330488445943412465e-04
1.343806120166861351e-02 1.078609184585406673e-02 1.339559921359061731e-04
1.324917793204858675e-02 1.101518226547692006e-02 1.348230869293325811e-04
1.305639911259108207e-02 1.124094367718545852e-02 1.356498884755622479e-04
1.285978416465098466e-02 1.146331019485264009e-02 1.364361686633890612e-04
1.265939361078091858e-02 1.168221701807365884e-02 1.371817118167961800e-04
1.245528905405593294e-02 1.189760045007660916e-02 1.378863147381072815e-04
1.224753315712615379e-02 1.210939791521247269e-02 1.385497867469644422e-04
1.203618962100667412e-02 1.231754797602120990e-02 1.391719497151484831e-04
1.182132316361417593e-02 1.252199034987067777e-02 1.397526380972571479e-04
1.160299949805964487e-02 1.272266592516558062e-02 1.402916989572605211e-04
1.138128531070646543e-02 1.291951677712389196e-02 1.407889919909530662e-04
1.115624823900339575e-02 1.311248618311807064e-02 1.412443895443239131e-04
1.092795684910173246e-02 1.330151863757908157e-02 1.416577766278681377e-04
1.069648061326594624e-02 1.348655986646107516e-02 1.420290509268639409e-04
1.046188988708708807e-02 1.366755684126516081e-02 1.423581228076419936e-04
1.022425588650834397e-02 1.384445779262040085e-02 1.426449153198730492e-04
9.983650664671777850e-03 1.401721222342103106e-02 1.428893641949042354e-04
9.740147088595647526e-03 1.418577092151846082e-02 1.430914178401726479e-04
9.493818815691182356e-03 1.435008597196738879e-02 1.432510373297289088e-04
9.244740270128110407e-03 1.451011076882510048e-02 1.433681963909018593e-04
8.992986619057796033e-03 1.466580002650352300e-02 1.434428813871392442e-04
8.738633748703083029e-03 1.481710979067367429e-02 1.434750912970589201e-04
8.481758240323458015e-03 1.496399744872239750e-02 1.434648376897462577e-04
8.222437346064650002e-03 1.510642173976133214e-02 1.434121446963350615e-04
7.960748964701166303e-03 1.524434276418848780e-02 1.433170489779100627e-04
7.696771617280533800e-03 1.537772199280261487e-02 1.431795996897696909e-04
7.430584422677646850e-03 1.550652227547126213e-02 1.429998584420891867e-04
7.162267073067871137e-03 1.563070784935289767e-02 1.427778992570245223e-04
6.891899809327181603e-03 1.575024434667435247e-02 1.425138085222991426e-04
6.619563396367620332e-03 1.586509880206437087e-02 1.422076849413153512e-04
6.345339098416198989e-03 1.597523965944476487e-02 1.418596394798332205e-04
6.069308654245458845e-03 1.608063677848036582e-02 1.414697953092618036e-04
5.791554252363531087e-03 1.618126144058937635e-02 1.410382877466053386e-04
5.512158506171691008e-03 1.627708635451578095e-02 1.405652641911109301e-04
5.231204429096913099e-03 1.636808566146572344e-02 1.400508840576617821e-04
4.948775409707424112e-03 1.645423493980967614e-02 1.394953187069635490e-04
4.664955186818553826e-03 1.653551120935248253e-02 1.388987513725684769e-04
4.379827824596221365e-03 1.661189293517365342e-02 1.382613770847854174e-04
4.093477687665658671e-03 1.668336003104002943e-02 1.375834025915229585e-04
3.805989416232237119e-03 1.674989386239338074e-02 1.368650462761120774e-04
3.517447901221697898e-03 1.681147724891542128e-02 1.361065380721578077e-04
3.227938259446460050e-03 1.686809446667298859e-02 1.353081193754667052e-04
2.937545808805118973e-03 1.691973124984606780e-02 1.344700429530991989e-04
2.646356043521586824e-03 1.696637479204153934e-02 1.335925728495951565e-04
2.354454609430637214e-03 1.700801374719563414e-02 1.326759842904218320e-04
2.061927279316008114e-03 1.704463823006810777e-02 1.317205635826917921e-04
1.768859928307763571e-03 1.707623981633124219e-02 1.307266080132012099e-04
1.475338509344771955e-03 1.710281154225691200e-02 1.296944257438365563e-04
1.181449028708618162e-03 1.712434790400497314e-02 1.286243357043990738e-04
8.872775216346070462e-04 1.714084485651634279e-02 1.275166674828953617e-04
5.929100280060028852e-04 1.715229981201410112e-02 1.263717612133438912e-04
2.984325681369458055e-04 1.715871163811626479e-02 1.251899674611459416e-04
3.931118649741843878e-06 1.716008065556352824e-02 1.239716471060690699e-04
-2.905084115481249831e-04 1.715640863556580284e-02 1.227171712228925513e-04
